quote: -4.071
point: 722.5122089849,-997.6956045711,-3.891
