quote: -4.063
point: 721.8934654671,-999.7418154757,-3.882
