quote: -4.066
point: 722.2101993524,-998.6959137004,-3.887
